unit: [ms]

bcsstk32.mtx

nz_count_len = 44609

seq	10.6979589909	10.4581126943	10.3992596269	
1	10.4362061247	10.3556681424	10.2854734287	
2	6.5821730532	6.7112641409	6.6334498115	
4	3.5032499582	3.4642550163	3.4504039213	
8	2.5999629870	2.5658959057	2.5639149826	
16	2.3615779355	2.4386979640	2.4938948918	
32	2.5672300253	2.7829620522	3.0007120222	
64	2.8669380117	2.8081899509	2.7295730542	
128	4.0224809200	3.6082318984	4.8377159983	

reproducible

seq	53.2154701650	46.3743545115	48.4755821526	
1	47.9808188975	47.7403029799	47.9791983962	
2	35.1086445153	32.1424081922	31.7585654557	
4	17.5723768771	17.6597367972	17.4823664129	
8	12.9712251946	12.8783639520	12.8446277231	
16	11.5001611412	11.1875161529	12.0420949534	
32	11.9181983173	11.2374164164	11.8975127116	
64	14.7252278402	13.3158341050	12.8345992416	
128	13.1600424647	11.3107580692	12.3438593000	

fidapm05.mtx

nz_count_len = 42

seq	0.0043089995	0.0040339992	0.0037769996	
1	0.0125449997	0.0114490003	0.0112709995	
2	0.1619260001	0.0188599988	0.0170050007	
4	0.0189560014	0.0168290007	0.0163269997	
8	0.0208040001	0.0184800010	0.0178749997	
16	0.3925329947	0.3012210072	0.3028369974	
32	0.5006020074	0.7506330148	0.7068359992	
64	1.6682409914	1.4495949727	1.2678540079	
128	2.4248240516	2.8475068975	2.6841820218	

reproducible

seq	0.2018030063	0.0910379968	0.0640310027	
1	0.0929309972	0.0855840044	0.0810790007	
2	0.0657490018	0.0691030000	0.0610880015	
4	0.0620990031	0.0459500006	0.0436449991	
8	0.0326949994	0.0291830002	0.0273269998	
16	0.3551490081	0.3209449933	0.2616709971	
32	0.7161169779	0.4946929985	0.6729279994	
64	1.1553469812	1.6859869938	1.2124220375	
128	3.3008099999	3.3311210573	3.3963620663	

jgl009.mtx

nz_count_len = 9

seq	0.0009860005	0.0007499993	0.0006889995	
1	0.0104550008	0.0095699997	0.0092210003	
2	0.0255720006	0.0139829999	0.0128340007	
4	0.0164089997	0.0153850015	0.0147739993	
8	0.0177809998	0.0152380007	0.0148780000	
16	0.3110090038	0.3393859952	0.2564919996	
32	0.6300969981	0.6251630257	0.7332590176	
64	2.1023231093	2.1879440174	1.9598030485	
128	3.1124399975	2.8427098878	2.5159229990	

reproducible

seq	0.0080099999	0.0098070004	0.0049290002	
1	0.0202259998	0.0157550003	0.0154449990	
2	0.0311340009	0.0227609999	0.0170829990	
4	0.0196379988	0.0260980014	0.0171360007	
8	0.0194229997	0.0165189995	0.0168040006	
16	0.3574959992	0.3662820091	0.2324249945	
32	0.8571469807	0.6819390110	0.4709399946	
64	1.0612299666	1.5278180363	1.4580410207	
128	3.7766080350	2.9063669499	2.6480529923	

